vesselCount = 3
UT = 174406.86409271709
gameMode = CAREER
gameNull = False
gameCompatible = True
funds = 1204456.0582508645
science = 39
reputationPercent = 49
ongoingContracts = 0
missionCurrentScore = 0
missionIsStarted = False
missionIsEnded = False
missionHistoryId = 00000000-0000-0000-0000-000000000000
missionExpansionVersion = 
saveMD5 = 0423b9dfa224ca350206f3b3162cd279
