vesselCount = 4
UT = 119148.77452488992
gameMode = CAREER
gameNull = False
gameCompatible = True
funds = 1041840.6681088398
science = 91
reputationPercent = 46
ongoingContracts = 4
missionCurrentScore = 0
missionIsStarted = False
missionIsEnded = False
missionHistoryId = 00000000-0000-0000-0000-000000000000
missionExpansionVersion = 
saveMD5 = 0bd602fef3a249d697b07877fb3244ed
