vesselCount = 3
UT = 177573.68932639284
gameMode = CAREER
gameNull = False
gameCompatible = True
funds = 1169332.0543446145
science = 39
reputationPercent = 49
ongoingContracts = 2
missionCurrentScore = 0
missionIsStarted = False
missionIsEnded = False
missionHistoryId = 00000000-0000-0000-0000-000000000000
missionExpansionVersion = 
saveMD5 = 99cf1040bca14315525c3fc649427f77
