vesselCount = 6
UT = 503708.97803301015
gameMode = CAREER
gameNull = False
gameCompatible = True
funds = 1172497.7032780682
science = 700
reputationPercent = 55
ongoingContracts = 0
missionCurrentScore = 0
missionIsStarted = False
missionIsEnded = False
missionHistoryId = 00000000-0000-0000-0000-000000000000
missionExpansionVersion = 
saveMD5 = 065eb51cc9f8d34d98a8bcfc8c75461c
