vesselCount = 2
UT = 97759.184895082115
gameMode = CAREER
gameNull = False
gameCompatible = True
funds = 615746.01665538177
science = 51
reputationPercent = 47
ongoingContracts = 6
missionCurrentScore = 0
missionIsStarted = False
missionIsEnded = False
missionHistoryId = 00000000-0000-0000-0000-000000000000
missionExpansionVersion = 
saveMD5 = 83f995d5e58635a4f6d3775ed17c5fa9
