vesselCount = 6
UT = 200308.46311412292
gameMode = CAREER
gameNull = False
gameCompatible = True
funds = 837356.11619007855
science = 368
reputationPercent = 50
ongoingContracts = 5
missionCurrentScore = 0
missionIsStarted = False
missionIsEnded = False
missionHistoryId = 00000000-0000-0000-0000-000000000000
missionExpansionVersion = 
saveMD5 = 78a52989ef51288eb364269526f1ede2
