vesselCount = 7
UT = 1013569.3258202076
gameMode = CAREER
gameNull = False
gameCompatible = True
funds = 924911.44281435362
science = 641
reputationPercent = 55
ongoingContracts = 0
missionCurrentScore = 0
missionIsStarted = False
missionIsEnded = False
missionHistoryId = 00000000-0000-0000-0000-000000000000
missionExpansionVersion = 
saveMD5 = 5d50a35fbb8061502b0733a7f116f8a7
