vesselCount = 7
UT = 1020803.5594534021
gameMode = CAREER
gameNull = False
gameCompatible = True
funds = 688743.82111692778
science = 200
reputationPercent = 55
ongoingContracts = 0
missionCurrentScore = 0
missionIsStarted = False
missionIsEnded = False
missionHistoryId = 00000000-0000-0000-0000-000000000000
missionExpansionVersion = 
saveMD5 = 4393d00c614760a8d104e6d1f367f38e
