vesselCount = 4
UT = 306684.39524705644
gameMode = CAREER
gameNull = False
gameCompatible = True
funds = 1091829.9698884045
science = 360
reputationPercent = 53
ongoingContracts = 5
missionCurrentScore = 0
missionIsStarted = False
missionIsEnded = False
missionHistoryId = 00000000-0000-0000-0000-000000000000
missionExpansionVersion = 
saveMD5 = 3163c6796ae1b8c82c957fee37a88553
