vesselCount = 2
UT = 49028.734766525027
gameMode = CAREER
gameNull = False
gameCompatible = True
funds = 16152.77396401696
science = 93
reputationPercent = 39
ongoingContracts = 4
missionCurrentScore = 0
missionIsStarted = False
missionIsEnded = False
missionHistoryId = 00000000-0000-0000-0000-000000000000
missionExpansionVersion = 
saveMD5 = 7368912e47db1935fe9431f9c4f1c144
