vesselCount = 7
UT = 599654.97050998756
gameMode = CAREER
gameNull = False
gameCompatible = True
funds = 1219890.6993603741
science = 810
reputationPercent = 58
ongoingContracts = 0
missionCurrentScore = 0
missionIsStarted = False
missionIsEnded = False
missionHistoryId = 00000000-0000-0000-0000-000000000000
missionExpansionVersion = 
saveMD5 = 5378e2834cc91271983fb860ee66bea0
