vesselCount = 4
UT = 308459.551965577
gameMode = CAREER
gameNull = False
gameCompatible = True
funds = 1029291.9050843273
science = 662
reputationPercent = 55
ongoingContracts = 0
missionCurrentScore = 0
missionIsStarted = False
missionIsEnded = False
missionHistoryId = 00000000-0000-0000-0000-000000000000
missionExpansionVersion = 
saveMD5 = 3fdcf8e9be9a070f64342f6e510baf29
