vesselCount = 7
UT = 1014440.9890888395
gameMode = CAREER
gameNull = False
gameCompatible = True
funds = 794111.61224413267
science = 187
reputationPercent = 55
ongoingContracts = 0
missionCurrentScore = 0
missionIsStarted = False
missionIsEnded = False
missionHistoryId = 00000000-0000-0000-0000-000000000000
missionExpansionVersion = 
saveMD5 = 9f631b98ea5f91726b366dc9c360abfd
