vesselCount = 3
UT = 139544.94377880296
gameMode = CAREER
gameNull = False
gameCompatible = True
funds = 1188455.6286301515
science = 115
reputationPercent = 46
ongoingContracts = 3
missionCurrentScore = 0
missionIsStarted = False
missionIsEnded = False
missionHistoryId = 00000000-0000-0000-0000-000000000000
missionExpansionVersion = 
saveMD5 = 681dd9a21f26dfeb22d7ce408788dfe9
