vesselCount = 7
UT = 600495.11201448739
gameMode = CAREER
gameNull = False
gameCompatible = True
funds = 1219890.6993603741
science = 810
reputationPercent = 58
ongoingContracts = 0
missionCurrentScore = 0
missionIsStarted = False
missionIsEnded = False
missionHistoryId = 00000000-0000-0000-0000-000000000000
missionExpansionVersion = 
saveMD5 = 0da7f98ce19793b1b6ecb89b98c685ec
