vesselCount = 5
UT = 308715.03196581494
gameMode = CAREER
gameNull = False
gameCompatible = True
funds = 1029291.9050843273
science = 662
reputationPercent = 55
ongoingContracts = 4
missionCurrentScore = 0
missionIsStarted = False
missionIsEnded = False
missionHistoryId = 00000000-0000-0000-0000-000000000000
missionExpansionVersion = 
saveMD5 = 25fafcc6f1b72eb475fda6253d41cc94
