vesselCount = 4
UT = 309323.83534508623
gameMode = CAREER
gameNull = False
gameCompatible = True
funds = 1029291.9050843273
science = 662
reputationPercent = 55
ongoingContracts = 0
missionCurrentScore = 0
missionIsStarted = False
missionIsEnded = False
missionHistoryId = 00000000-0000-0000-0000-000000000000
missionExpansionVersion = 
saveMD5 = 9ea07fbac9190cba345dc62867e385ea
