vesselCount = 2
UT = 308060.58745391335
gameMode = CAREER
gameNull = False
gameCompatible = True
funds = 1064962.2667314564
science = 662
reputationPercent = 54
ongoingContracts = 4
missionCurrentScore = 0
missionIsStarted = False
missionIsEnded = False
missionHistoryId = 00000000-0000-0000-0000-000000000000
missionExpansionVersion = 
saveMD5 = 23e2cc5ca1ecf7d71098ab96933d7d08
