vesselCount = 8
UT = 600005.32445562223
gameMode = CAREER
gameNull = False
gameCompatible = True
funds = 1219890.6993603741
science = 810
reputationPercent = 58
ongoingContracts = 0
missionCurrentScore = 0
missionIsStarted = False
missionIsEnded = False
missionHistoryId = 00000000-0000-0000-0000-000000000000
missionExpansionVersion = 
saveMD5 = 6bb32c5c67e49d84eef20b009e652711
