vesselCount = 0
UT = 2406.4212847883223
gameMode = CAREER
gameNull = False
gameCompatible = True
funds = 223271.68173459411
science = 7
reputationPercent = 7
ongoingContracts = 1
missionCurrentScore = 0
missionIsStarted = False
missionIsEnded = False
missionHistoryId = 00000000-0000-0000-0000-000000000000
missionExpansionVersion = 
saveMD5 = 4813ff02494287be5a98680f23fd4919
