vesselCount = 1
UT = 5538.2980780125754
gameMode = CAREER
gameNull = False
gameCompatible = True
funds = 210232.33014066226
science = 16
reputationPercent = 9
ongoingContracts = 4
missionCurrentScore = 0
missionIsStarted = False
missionIsEnded = False
missionHistoryId = 00000000-0000-0000-0000-000000000000
missionExpansionVersion = 
saveMD5 = 4f08d44b006ea8a31a3774a6f6e635fb
