vesselCount = 1
UT = 20319.675802241909
gameMode = CAREER
gameNull = False
gameCompatible = True
funds = 624711.6727283845
science = 19
reputationPercent = 21
ongoingContracts = 2
missionCurrentScore = 0
missionIsStarted = False
missionIsEnded = False
missionHistoryId = 00000000-0000-0000-0000-000000000000
missionExpansionVersion = 
saveMD5 = 1cf76918f16dae9b3e334430deab7a7b
