vesselCount = 1
UT = 20344.227394039153
gameMode = CAREER
gameNull = False
gameCompatible = True
funds = 624711.6727283845
science = 19
reputationPercent = 21
ongoingContracts = 2
missionCurrentScore = 0
missionIsStarted = False
missionIsEnded = False
missionHistoryId = 00000000-0000-0000-0000-000000000000
missionExpansionVersion = 
saveMD5 = 65b476eca2645e24fd21314368f0fe66
