vesselCount = 7
UT = 503718.83803301933
gameMode = CAREER
gameNull = False
gameCompatible = True
funds = 1172497.7032780682
science = 700
reputationPercent = 55
ongoingContracts = 8
missionCurrentScore = 0
missionIsStarted = False
missionIsEnded = False
missionHistoryId = 00000000-0000-0000-0000-000000000000
missionExpansionVersion = 
saveMD5 = 5057c596da2a7913c60fc0afdb1f5525
