vesselCount = 5
UT = 308732.69196583139
gameMode = CAREER
gameNull = False
gameCompatible = True
funds = 1029291.9011780773
science = 662
reputationPercent = 55
ongoingContracts = 4
missionCurrentScore = 0
missionIsStarted = False
missionIsEnded = False
missionHistoryId = 00000000-0000-0000-0000-000000000000
missionExpansionVersion = 
saveMD5 = 88053a4d7961270caabf9d6aabb496ad
