vesselCount = 8
UT = 599911.63051022659
gameMode = CAREER
gameNull = False
gameCompatible = True
funds = 1219890.7032666241
science = 810
reputationPercent = 58
ongoingContracts = 6
missionCurrentScore = 0
missionIsStarted = False
missionIsEnded = False
missionHistoryId = 00000000-0000-0000-0000-000000000000
missionExpansionVersion = 
saveMD5 = 23ae1cfd5838276bb8263de124efbd3d
