vesselCount = 4
UT = 129906.34345815617
gameMode = CAREER
gameNull = False
gameCompatible = True
funds = 1164936.3906229923
science = 113
reputationPercent = 46
ongoingContracts = 4
missionCurrentScore = 0
missionIsStarted = False
missionIsEnded = False
missionHistoryId = 00000000-0000-0000-0000-000000000000
missionExpansionVersion = 
saveMD5 = 465f030aa28aca0624b6986e69464509
