vesselCount = 6
UT = 503763.99150464573
gameMode = CAREER
gameNull = False
gameCompatible = True
funds = 1172637.1019082104
science = 700
reputationPercent = 55
ongoingContracts = 8
missionCurrentScore = 0
missionIsStarted = False
missionIsEnded = False
missionHistoryId = 00000000-0000-0000-0000-000000000000
missionExpansionVersion = 
saveMD5 = 3c64eb2c9b3c98088c5bf418bda3679d
