vesselCount = 3
UT = 139535.81432568672
gameMode = CAREER
gameNull = False
gameCompatible = True
funds = 1188455.6286301515
science = 115
reputationPercent = 46
ongoingContracts = 3
missionCurrentScore = 0
missionIsStarted = False
missionIsEnded = False
missionHistoryId = 00000000-0000-0000-0000-000000000000
missionExpansionVersion = 
saveMD5 = 29a55fc5b1df094f95652d6f20f0072d
