vesselCount = 5
UT = 308785.87196588091
gameMode = CAREER
gameNull = False
gameCompatible = True
funds = 1029291.9050843273
science = 662
reputationPercent = 55
ongoingContracts = 0
missionCurrentScore = 0
missionIsStarted = False
missionIsEnded = False
missionHistoryId = 00000000-0000-0000-0000-000000000000
missionExpansionVersion = 
saveMD5 = 2306ba3ca37617c6f0601d57cfe70174
