vesselCount = 4
UT = 182893.44566400134
gameMode = CAREER
gameNull = False
gameCompatible = True
funds = 735735.94025655603
science = 79
reputationPercent = 49
ongoingContracts = 3
missionCurrentScore = 0
missionIsStarted = False
missionIsEnded = False
missionHistoryId = 00000000-0000-0000-0000-000000000000
missionExpansionVersion = 
saveMD5 = 940d80f4c0bc940c00f568a869fd3e99
