vesselCount = 5
UT = 121667.33282672751
gameMode = CAREER
gameNull = False
gameCompatible = True
funds = 1073040.1992548893
science = 92
reputationPercent = 46
ongoingContracts = 6
missionCurrentScore = 0
missionIsStarted = False
missionIsEnded = False
missionHistoryId = 00000000-0000-0000-0000-000000000000
missionExpansionVersion = 
saveMD5 = 3b385ec4b00ba82cdf52e4450347bb8c
