vesselCount = 6
UT = 198459.24617402631
gameMode = CAREER
gameNull = False
gameCompatible = True
funds = 897069.77376425534
science = 103
reputationPercent = 50
ongoingContracts = 5
missionCurrentScore = 0
missionIsStarted = False
missionIsEnded = False
missionHistoryId = 00000000-0000-0000-0000-000000000000
missionExpansionVersion = 
saveMD5 = 38c01c56a9a93a4a50c694b8b8f42a37
