vesselCount = 7
UT = 1020966.5594535539
gameMode = CAREER
gameNull = False
gameCompatible = True
funds = 604386.82111692778
science = 40
reputationPercent = 55
ongoingContracts = 0
missionCurrentScore = 0
missionIsStarted = False
missionIsEnded = False
missionHistoryId = 00000000-0000-0000-0000-000000000000
missionExpansionVersion = 
saveMD5 = 77bacf3e7b6aba8e90807269263992ec
