vesselCount = 6
UT = 195638.04668797139
gameMode = CAREER
gameNull = False
gameCompatible = True
funds = 897069.77376425534
science = 103
reputationPercent = 50
ongoingContracts = 5
missionCurrentScore = 0
missionIsStarted = False
missionIsEnded = False
missionHistoryId = 00000000-0000-0000-0000-000000000000
missionExpansionVersion = 
saveMD5 = 5f8ef01966e7a39e3ea84e7b66a7840c
