vesselCount = 5
UT = 238642.12426152083
gameMode = CAREER
gameNull = False
gameCompatible = True
funds = 1280661.9662291561
science = 351
reputationPercent = 52
ongoingContracts = 5
missionCurrentScore = 0
missionIsStarted = False
missionIsEnded = False
missionHistoryId = 00000000-0000-0000-0000-000000000000
missionExpansionVersion = 
saveMD5 = 04e03d4e8d8be5d56a7a18569f590084
