vesselCount = 3
UT = 53762.097031797792
gameMode = CAREER
gameNull = False
gameCompatible = True
funds = 137059.32323725603
science = 37
reputationPercent = 40
ongoingContracts = 0
missionCurrentScore = 0
missionIsStarted = False
missionIsEnded = False
missionHistoryId = 00000000-0000-0000-0000-000000000000
missionExpansionVersion = 
saveMD5 = 96a5f03fa51cde4a8da4b453cc248fe2
