vesselCount = 4
UT = 232805.59137018956
gameMode = CAREER
gameNull = False
gameCompatible = True
funds = 1433960.9548193966
science = 351
reputationPercent = 52
ongoingContracts = 5
missionCurrentScore = 0
missionIsStarted = False
missionIsEnded = False
missionHistoryId = 00000000-0000-0000-0000-000000000000
missionExpansionVersion = 
saveMD5 = 9f0d94be5a7b7a884c410a590ad1175d
