vesselCount = 2
UT = 56411.773191059292
gameMode = CAREER
gameNull = False
gameCompatible = True
funds = 138364.12328608416
science = 37
reputationPercent = 40
ongoingContracts = 4
missionCurrentScore = 0
missionIsStarted = False
missionIsEnded = False
missionHistoryId = 00000000-0000-0000-0000-000000000000
missionExpansionVersion = 
saveMD5 = 9976af683151c7afbf85524340d240f8
