vesselCount = 7
UT = 1014043.8658206495
gameMode = CAREER
gameNull = False
gameCompatible = True
funds = 794917.44281435362
science = 181
reputationPercent = 55
ongoingContracts = 0
missionCurrentScore = 0
missionIsStarted = False
missionIsEnded = False
missionHistoryId = 00000000-0000-0000-0000-000000000000
missionExpansionVersion = 
saveMD5 = 46cec8b4f78c765af497440dd0226d72
