vesselCount = 4
UT = 254313.90689108786
gameMode = CAREER
gameNull = False
gameCompatible = True
funds = 1345414.9662291561
science = 351
reputationPercent = 52
ongoingContracts = 5
missionCurrentScore = 0
missionIsStarted = False
missionIsEnded = False
missionHistoryId = 00000000-0000-0000-0000-000000000000
missionExpansionVersion = 
saveMD5 = 724b0b88354cdd487918dd1cea8254fa
