vesselCount = 3
UT = 145002.34697811466
gameMode = CAREER
gameNull = False
gameCompatible = True
funds = 1175913.8215476773
science = 25
reputationPercent = 47
ongoingContracts = 4
missionCurrentScore = 0
missionIsStarted = False
missionIsEnded = False
missionHistoryId = 00000000-0000-0000-0000-000000000000
missionExpansionVersion = 
saveMD5 = 7777f31269b33d8fb1b05f3e118ca8c4
