vesselCount = 2
UT = 118088.16053617722
gameMode = CAREER
gameNull = False
gameCompatible = True
funds = 962306.88967017608
science = 86
reputationPercent = 46
ongoingContracts = 5
missionCurrentScore = 0
missionIsStarted = False
missionIsEnded = False
missionHistoryId = 00000000-0000-0000-0000-000000000000
missionExpansionVersion = 
saveMD5 = 92f14b525e03fa280681f2c46f696bf1
