vesselCount = 4
UT = 302903.62135490827
gameMode = CAREER
gameNull = False
gameCompatible = True
funds = 1091829.9698884045
science = 360
reputationPercent = 53
ongoingContracts = 5
missionCurrentScore = 0
missionIsStarted = False
missionIsEnded = False
missionHistoryId = 00000000-0000-0000-0000-000000000000
missionExpansionVersion = 
saveMD5 = 3f08f358a65ec72519c7b0b5a482133a
