vesselCount = 5
UT = 217053.44168378282
gameMode = CAREER
gameNull = False
gameCompatible = True
funds = 991394.29241860181
science = 496
reputationPercent = 50
ongoingContracts = 5
missionCurrentScore = 0
missionIsStarted = False
missionIsEnded = False
missionHistoryId = 00000000-0000-0000-0000-000000000000
missionExpansionVersion = 
saveMD5 = 140fe11a828f4424119efa1f500a10d2
