vesselCount = 7
UT = 1034233.7870452019
gameMode = CAREER
gameNull = False
gameCompatible = True
funds = 670213.30791616789
science = 40
reputationPercent = 55
ongoingContracts = 5
missionCurrentScore = 0
missionIsStarted = False
missionIsEnded = False
missionHistoryId = 00000000-0000-0000-0000-000000000000
missionExpansionVersion = 
saveMD5 = 4c962d66ba41b30e596839c26a66e284
