vesselCount = 4
UT = 143910.43925683881
gameMode = CAREER
gameNull = False
gameCompatible = True
funds = 1171739.4264585278
science = 25
reputationPercent = 47
ongoingContracts = 4
missionCurrentScore = 0
missionIsStarted = False
missionIsEnded = False
missionHistoryId = 00000000-0000-0000-0000-000000000000
missionExpansionVersion = 
saveMD5 = 9799558d524b2adfb7fa449d76ac5f17
