vesselCount = 1
UT = 67558.224780374119
gameMode = CAREER
gameNull = False
gameCompatible = True
funds = 148385.1952160158
science = 38
reputationPercent = 40
ongoingContracts = 4
missionCurrentScore = 0
missionIsStarted = False
missionIsEnded = False
missionHistoryId = 00000000-0000-0000-0000-000000000000
missionExpansionVersion = 
saveMD5 = 9b1a734ed3a1fcddb4ba98e2035ad0ab
