vesselCount = 1
UT = 148338.78584076976
gameMode = CAREER
gameNull = False
gameCompatible = True
funds = 1275409.9946610234
science = 25
reputationPercent = 48
ongoingContracts = 3
missionCurrentScore = 0
missionIsStarted = False
missionIsEnded = False
missionHistoryId = 00000000-0000-0000-0000-000000000000
missionExpansionVersion = 
saveMD5 = 799e6ce00ccb4d94cda2c00c2b1f0687
