vesselCount = 2
UT = 146325.35452180606
gameMode = CAREER
gameNull = False
gameCompatible = True
funds = 1265280.9417773983
science = 25
reputationPercent = 48
ongoingContracts = 3
missionCurrentScore = 0
missionIsStarted = False
missionIsEnded = False
missionHistoryId = 00000000-0000-0000-0000-000000000000
missionExpansionVersion = 
saveMD5 = 06e9bfce2693c99b311afbcd281ee1cf
