vesselCount = 6
UT = 1033505.2463804632
gameMode = CAREER
gameNull = False
gameCompatible = True
funds = 581428.24541616789
science = 40
reputationPercent = 55
ongoingContracts = 0
missionCurrentScore = 0
missionIsStarted = False
missionIsEnded = False
missionHistoryId = 00000000-0000-0000-0000-000000000000
missionExpansionVersion = 
saveMD5 = 78bba6927404d24ecde1fb5970f047b3
