vesselCount = 11
UT = 1026913.304903426
gameMode = CAREER
gameNull = False
gameCompatible = True
funds = 552227.56121778837
science = 40
reputationPercent = 52
ongoingContracts = 0
missionCurrentScore = 0
missionIsStarted = False
missionIsEnded = False
missionHistoryId = 00000000-0000-0000-0000-000000000000
missionExpansionVersion = 
saveMD5 = 2c2d53543d457b1cd2e121d8a6f8cd03
