vesselCount = 3
UT = 219681.25813818866
gameMode = CAREER
gameNull = False
gameCompatible = True
funds = 1312625.737992004
science = 529
reputationPercent = 52
ongoingContracts = 3
missionCurrentScore = 0
missionIsStarted = False
missionIsEnded = False
missionHistoryId = 00000000-0000-0000-0000-000000000000
missionExpansionVersion = 
saveMD5 = 52e93d50d6c7e89afa607f11064b0063
