vesselCount = 6
UT = 1015214.4290895598
gameMode = CAREER
gameNull = False
gameCompatible = True
funds = 768943.61224413267
science = 187
reputationPercent = 55
ongoingContracts = 0
missionCurrentScore = 0
missionIsStarted = False
missionIsEnded = False
missionHistoryId = 00000000-0000-0000-0000-000000000000
missionExpansionVersion = 
saveMD5 = 773b3055428f54c8657cdac154496734
