vesselCount = 7
UT = 1034226.427045195
gameMode = CAREER
gameNull = False
gameCompatible = True
funds = 670213.30791616789
science = 40
reputationPercent = 55
ongoingContracts = 5
missionCurrentScore = 0
missionIsStarted = False
missionIsEnded = False
missionHistoryId = 00000000-0000-0000-0000-000000000000
missionExpansionVersion = 
saveMD5 = 502a624d5a5c3aa3e686d95c2800aca5
