vesselCount = 1
UT = 67564.784780375456
gameMode = CAREER
gameNull = False
gameCompatible = True
funds = 148385.1952160158
science = 38
reputationPercent = 40
ongoingContracts = 4
missionCurrentScore = 0
missionIsStarted = False
missionIsEnded = False
missionHistoryId = 00000000-0000-0000-0000-000000000000
missionExpansionVersion = 
saveMD5 = 12955be2d544a22315dc4fe99e278cff
