vesselCount = 5
UT = 194273.88566327299
gameMode = CAREER
gameNull = False
gameCompatible = True
funds = 946608.77376425534
science = 87
reputationPercent = 50
ongoingContracts = 5
missionCurrentScore = 0
missionIsStarted = False
missionIsEnded = False
missionHistoryId = 00000000-0000-0000-0000-000000000000
missionExpansionVersion = 
saveMD5 = 77f92308e76dba1e59c5af86aff077a9
