vesselCount = 1
UT = 148349.26584076427
gameMode = CAREER
gameNull = False
gameCompatible = True
funds = 1275409.9946610234
science = 25
reputationPercent = 48
ongoingContracts = 3
missionCurrentScore = 0
missionIsStarted = False
missionIsEnded = False
missionHistoryId = 00000000-0000-0000-0000-000000000000
missionExpansionVersion = 
saveMD5 = 2cce9c7b0288f2150ffb0b6bf8de5970
