vesselCount = 0
UT = 48670.151314426716
gameMode = CAREER
gameNull = False
gameCompatible = True
funds = 134697.77396401696
science = 273
reputationPercent = 39
ongoingContracts = 4
missionCurrentScore = 0
missionIsStarted = False
missionIsEnded = False
missionHistoryId = 00000000-0000-0000-0000-000000000000
missionExpansionVersion = 
saveMD5 = 1ed9262cec534519b52996a5ff064183
