vesselCount = 14
UT = 1026793.9849033148
gameMode = CAREER
gameNull = False
gameCompatible = True
funds = 540113.22219229094
science = 40
reputationPercent = 55
ongoingContracts = 0
missionCurrentScore = 0
missionIsStarted = False
missionIsEnded = False
missionHistoryId = 00000000-0000-0000-0000-000000000000
missionExpansionVersion = 
saveMD5 = 7fc8b68f245e7e4e8699a69099c3f1f9
