vesselCount = 2
UT = 306988.14892769657
gameMode = CAREER
gameNull = False
gameCompatible = True
funds = 1130655.0140535389
science = 662
reputationPercent = 55
ongoingContracts = 4
missionCurrentScore = 0
missionIsStarted = False
missionIsEnded = False
missionHistoryId = 00000000-0000-0000-0000-000000000000
missionExpansionVersion = 
saveMD5 = 08127939f13f6b4166b70c76e63404cb
