vesselCount = 13
UT = 1028362.09180538
gameMode = CAREER
gameNull = False
gameCompatible = True
funds = 506721.80398893706
science = 40
reputationPercent = 55
ongoingContracts = 0
missionCurrentScore = 0
missionIsStarted = False
missionIsEnded = False
missionHistoryId = 00000000-0000-0000-0000-000000000000
missionExpansionVersion = 
saveMD5 = 917216466e646ceef8fd681b865b1f9e
