vesselCount = 6
UT = 1013569.8858202081
gameMode = CAREER
gameNull = False
gameCompatible = True
funds = 940499.44281435362
science = 641
reputationPercent = 55
ongoingContracts = 0
missionCurrentScore = 0
missionIsStarted = False
missionIsEnded = False
missionHistoryId = 00000000-0000-0000-0000-000000000000
missionExpansionVersion = 
saveMD5 = 88159b2a8d424b742611bc717d96f138
