vesselCount = 2
UT = 53709.217031806256
gameMode = CAREER
gameNull = False
gameCompatible = True
funds = 138364.12328608416
science = 37
reputationPercent = 40
ongoingContracts = 4
missionCurrentScore = 0
missionIsStarted = False
missionIsEnded = False
missionHistoryId = 00000000-0000-0000-0000-000000000000
missionExpansionVersion = 
saveMD5 = 75966b9c81bb0c22b8713a6c74847cc3
