vesselCount = 1
UT = 49090.914766515074
gameMode = CAREER
gameNull = False
gameCompatible = True
funds = 18772.77396401696
science = 93
reputationPercent = 39
ongoingContracts = 4
missionCurrentScore = 0
missionIsStarted = False
missionIsEnded = False
missionHistoryId = 00000000-0000-0000-0000-000000000000
missionExpansionVersion = 
saveMD5 = 8a5fab4a57b6fa8f0086a6dca2b6eb7f
