vesselCount = 4
UT = 290597.18633886619
gameMode = CAREER
gameNull = False
gameCompatible = True
funds = 1396529.9698884045
science = 360
reputationPercent = 53
ongoingContracts = 5
missionCurrentScore = 0
missionIsStarted = False
missionIsEnded = False
missionHistoryId = 00000000-0000-0000-0000-000000000000
missionExpansionVersion = 
saveMD5 = 42546cfa7f6481b8f74127d1bbb513c5
