vesselCount = 6
UT = 195468.80668806005
gameMode = CAREER
gameNull = False
gameCompatible = True
funds = 897069.77376425534
science = 103
reputationPercent = 50
ongoingContracts = 5
missionCurrentScore = 0
missionIsStarted = False
missionIsEnded = False
missionHistoryId = 00000000-0000-0000-0000-000000000000
missionExpansionVersion = 
saveMD5 = 4ebf56bf793b497f9dda7790ed4c954e
