vesselCount = 2
UT = 56419.733191058018
gameMode = CAREER
gameNull = False
gameCompatible = True
funds = 138364.12328608416
science = 37
reputationPercent = 40
ongoingContracts = 4
missionCurrentScore = 0
missionIsStarted = False
missionIsEnded = False
missionHistoryId = 00000000-0000-0000-0000-000000000000
missionExpansionVersion = 
saveMD5 = 5d8117be92769d2f8cbf1bff1e300d7c
