vesselCount = 3
UT = 180287.24731764474
gameMode = CAREER
gameNull = False
gameCompatible = True
funds = 718932.0543446145
science = 39
reputationPercent = 49
ongoingContracts = 2
missionCurrentScore = 0
missionIsStarted = False
missionIsEnded = False
missionHistoryId = 00000000-0000-0000-0000-000000000000
missionExpansionVersion = 
saveMD5 = 0d39715e5bae072cc1152b096c29e141
