vesselCount = 5
UT = 503719.19803301967
gameMode = CAREER
gameNull = False
gameCompatible = True
funds = 1176627.7032666241
science = 700
reputationPercent = 55
ongoingContracts = 8
missionCurrentScore = 0
missionIsStarted = False
missionIsEnded = False
missionHistoryId = 00000000-0000-0000-0000-000000000000
missionExpansionVersion = 
saveMD5 = 8bdd19e46d1cbd8b7e67370284015591
