vesselCount = 6
UT = 1033475.3063804354
gameMode = CAREER
gameNull = False
gameCompatible = True
funds = 581428.24541616789
science = 40
reputationPercent = 55
ongoingContracts = 0
missionCurrentScore = 0
missionIsStarted = False
missionIsEnded = False
missionHistoryId = 00000000-0000-0000-0000-000000000000
missionExpansionVersion = 
saveMD5 = 9f9f24e980213f44cbed3f47c3053aa4
