vesselCount = 5
UT = 503570.50871466572
gameMode = CAREER
gameNull = False
gameCompatible = True
funds = 1176767.1019082104
science = 700
reputationPercent = 55
ongoingContracts = 9
missionCurrentScore = 0
missionIsStarted = False
missionIsEnded = False
missionHistoryId = 00000000-0000-0000-0000-000000000000
missionExpansionVersion = 
saveMD5 = 19996869747580b875f315785596334b
