vesselCount = 4
UT = 130051.42345818573
gameMode = CAREER
gameNull = False
gameCompatible = True
funds = 1174481.1106337497
science = 113
reputationPercent = 47
ongoingContracts = 4
missionCurrentScore = 0
missionIsStarted = False
missionIsEnded = False
missionHistoryId = 00000000-0000-0000-0000-000000000000
missionExpansionVersion = 
saveMD5 = 6da3e93c291e7810c0d79a67012357c0
