vesselCount = 1
UT = 39382.599874839412
gameMode = CAREER
gameNull = False
gameCompatible = True
funds = 105101.74542926744
science = 213
reputationPercent = 35
ongoingContracts = 3
missionCurrentScore = 0
missionIsStarted = False
missionIsEnded = False
missionHistoryId = 00000000-0000-0000-0000-000000000000
missionExpansionVersion = 
saveMD5 = 9692014b1e7c7480d2993282a45d2f93
