vesselCount = 1
UT = 49155.954766504663
gameMode = CAREER
gameNull = False
gameCompatible = True
funds = 18772.77396401696
science = 93
reputationPercent = 39
ongoingContracts = 4
missionCurrentScore = 0
missionIsStarted = False
missionIsEnded = False
missionHistoryId = 00000000-0000-0000-0000-000000000000
missionExpansionVersion = 
saveMD5 = 72e5ee6e7f6eaee9238637587a4d1d58
