vesselCount = 2
UT = 99724.969489961411
gameMode = CAREER
gameNull = False
gameCompatible = True
funds = 615746.01665538177
science = 51
reputationPercent = 47
ongoingContracts = 6
missionCurrentScore = 0
missionIsStarted = False
missionIsEnded = False
missionHistoryId = 00000000-0000-0000-0000-000000000000
missionExpansionVersion = 
saveMD5 = 2c8061e3789ce9f4f6c46e13f183dd62
