vesselCount = 4
UT = 238665.60426150853
gameMode = CAREER
gameNull = False
gameCompatible = True
funds = 1345414.9662291561
science = 351
reputationPercent = 52
ongoingContracts = 5
missionCurrentScore = 0
missionIsStarted = False
missionIsEnded = False
missionHistoryId = 00000000-0000-0000-0000-000000000000
missionExpansionVersion = 
saveMD5 = 51d1e067e01c99290ab1639458278eff
