vesselCount = 6
UT = 1020994.7994535802
gameMode = CAREER
gameNull = False
gameCompatible = True
funds = 626032.82111692778
science = 40
reputationPercent = 55
ongoingContracts = 0
missionCurrentScore = 0
missionIsStarted = False
missionIsEnded = False
missionHistoryId = 00000000-0000-0000-0000-000000000000
missionExpansionVersion = 
saveMD5 = 0239cc1ce28d438e66f82795e117f2d0
