vesselCount = 6
UT = 197967.11879627945
gameMode = CAREER
gameNull = False
gameCompatible = True
funds = 897069.77376425534
science = 103
reputationPercent = 50
ongoingContracts = 5
missionCurrentScore = 0
missionIsStarted = False
missionIsEnded = False
missionHistoryId = 00000000-0000-0000-0000-000000000000
missionExpansionVersion = 
saveMD5 = 79ba133f6cf240c589aec46ce433e672
