vesselCount = 1
UT = 75247.165669461276
gameMode = CAREER
gameNull = False
gameCompatible = True
funds = 503603.71838343574
science = 20
reputationPercent = 44
ongoingContracts = 6
missionCurrentScore = 0
missionIsStarted = False
missionIsEnded = False
missionHistoryId = 00000000-0000-0000-0000-000000000000
missionExpansionVersion = 
saveMD5 = 2011a49f00f3f3c1eb37d1706999026b
