vesselCount = 3
UT = 232592.73137030107
gameMode = CAREER
gameNull = False
gameCompatible = True
funds = 1483310.7361609493
science = 529
reputationPercent = 52
ongoingContracts = 5
missionCurrentScore = 0
missionIsStarted = False
missionIsEnded = False
missionHistoryId = 00000000-0000-0000-0000-000000000000
missionExpansionVersion = 
saveMD5 = 402e961419d3290070bb6afc5366f703
