vesselCount = 6
UT = 1014481.3890888771
gameMode = CAREER
gameNull = False
gameCompatible = True
funds = 828443.61224413267
science = 187
reputationPercent = 55
ongoingContracts = 0
missionCurrentScore = 0
missionIsStarted = False
missionIsEnded = False
missionHistoryId = 00000000-0000-0000-0000-000000000000
missionExpansionVersion = 
saveMD5 = 993590dae9013af83a91914027aafe8d
