vesselCount = 6
UT = 1020967.2994535546
gameMode = CAREER
gameNull = False
gameCompatible = True
funds = 626032.82111692778
science = 40
reputationPercent = 55
ongoingContracts = 0
missionCurrentScore = 0
missionIsStarted = False
missionIsEnded = False
missionHistoryId = 00000000-0000-0000-0000-000000000000
missionExpansionVersion = 
saveMD5 = 6e912d415337544fc6e749e8343c3bc5
