vesselCount = 6
UT = 1020820.4194534178
gameMode = CAREER
gameNull = False
gameCompatible = True
funds = 701032.82111692778
science = 200
reputationPercent = 55
ongoingContracts = 0
missionCurrentScore = 0
missionIsStarted = False
missionIsEnded = False
missionHistoryId = 00000000-0000-0000-0000-000000000000
missionExpansionVersion = 
saveMD5 = 62a14cc4c9d91a7db2c2420ffe17ec53
