vesselCount = 2
UT = 165002.93408639397
gameMode = CAREER
gameNull = False
gameCompatible = True
funds = 1200024.7223173878
science = 29
reputationPercent = 48
ongoingContracts = 3
missionCurrentScore = 0
missionIsStarted = False
missionIsEnded = False
missionHistoryId = 00000000-0000-0000-0000-000000000000
missionExpansionVersion = 
saveMD5 = 43045436cfd4873538b8989a1abdcf82
