vesselCount = 6
UT = 1018184.4875877582
gameMode = CAREER
gameNull = False
gameCompatible = True
funds = 701128.48729849211
science = 98
reputationPercent = 55
ongoingContracts = 0
missionCurrentScore = 0
missionIsStarted = False
missionIsEnded = False
missionHistoryId = 00000000-0000-0000-0000-000000000000
missionExpansionVersion = 
saveMD5 = 0994f255e2d850fefa8f1505ceebbe9a
