vesselCount = 6
UT = 1014045.465820651
gameMode = CAREER
gameNull = False
gameCompatible = True
funds = 829249.44281435362
science = 181
reputationPercent = 55
ongoingContracts = 0
missionCurrentScore = 0
missionIsStarted = False
missionIsEnded = False
missionHistoryId = 00000000-0000-0000-0000-000000000000
missionExpansionVersion = 
saveMD5 = 2473d7f13d4a5da5b00cfd66647506f3
