vesselCount = 5
UT = 194249.88566328556
gameMode = CAREER
gameNull = False
gameCompatible = True
funds = 946608.77376425534
science = 87
reputationPercent = 50
ongoingContracts = 5
missionCurrentScore = 0
missionIsStarted = False
missionIsEnded = False
missionHistoryId = 00000000-0000-0000-0000-000000000000
missionExpansionVersion = 
saveMD5 = 84b9b47339d4f38751f4e164ff3a495a
