vesselCount = 2
UT = 168461.23276563091
gameMode = CAREER
gameNull = False
gameCompatible = True
funds = 1155277.7223173878
science = 29
reputationPercent = 48
ongoingContracts = 3
missionCurrentScore = 0
missionIsStarted = False
missionIsEnded = False
missionHistoryId = 00000000-0000-0000-0000-000000000000
missionExpansionVersion = 
saveMD5 = 197671c22412c55e3f3e60f2d506d939
