vesselCount = 2
UT = 186930.79549949395
gameMode = CAREER
gameNull = False
gameCompatible = True
funds = 944129.87061126053
science = 82
reputationPercent = 49
ongoingContracts = 5
missionCurrentScore = 0
missionIsStarted = False
missionIsEnded = False
missionHistoryId = 00000000-0000-0000-0000-000000000000
missionExpansionVersion = 
saveMD5 = 77b5f777ed35b5b1d126ff9eaf7e5577
