vesselCount = 3
UT = 118890.62830973022
gameMode = CAREER
gameNull = False
gameCompatible = True
funds = 1058030.6681088398
science = 91
reputationPercent = 46
ongoingContracts = 4
missionCurrentScore = 0
missionIsStarted = False
missionIsEnded = False
missionHistoryId = 00000000-0000-0000-0000-000000000000
missionExpansionVersion = 
saveMD5 = 78c54848ed11035a165ab87708b805e5
