vesselCount = 3
UT = 233562.27482568269
gameMode = CAREER
gameNull = False
gameCompatible = True
funds = 1404307.9349791561
science = 351
reputationPercent = 52
ongoingContracts = 5
missionCurrentScore = 0
missionIsStarted = False
missionIsEnded = False
missionHistoryId = 00000000-0000-0000-0000-000000000000
missionExpansionVersion = 
saveMD5 = 2b2f164611988d89cf44fa75c7cfd805
