vesselCount = 6
UT = 619148.49398827576
gameMode = CAREER
gameNull = False
gameCompatible = True
funds = 1250225.7119488751
science = 874
reputationPercent = 55
ongoingContracts = 0
missionCurrentScore = 0
missionIsStarted = False
missionIsEnded = False
missionHistoryId = 00000000-0000-0000-0000-000000000000
missionExpansionVersion = 
saveMD5 = 14caaa54119aab5fd01cea013098d33f
