vesselCount = 4
UT = 140079.57372969983
gameMode = CAREER
gameNull = False
gameCompatible = True
funds = 1171739.4264585278
science = 25
reputationPercent = 47
ongoingContracts = 4
missionCurrentScore = 0
missionIsStarted = False
missionIsEnded = False
missionHistoryId = 00000000-0000-0000-0000-000000000000
missionExpansionVersion = 
saveMD5 = 0617f007f7223bbb63834f5b8149b74c
