vesselCount = 3
UT = 144990.52697812085
gameMode = CAREER
gameNull = False
gameCompatible = True
funds = 1175913.8215476773
science = 25
reputationPercent = 47
ongoingContracts = 4
missionCurrentScore = 0
missionIsStarted = False
missionIsEnded = False
missionHistoryId = 00000000-0000-0000-0000-000000000000
missionExpansionVersion = 
saveMD5 = 1ac4007906ae611c70aac5786da1dee5
