vesselCount = 5
UT = 200980.7435532964
gameMode = CAREER
gameNull = False
gameCompatible = True
funds = 869394.29241860181
science = 487
reputationPercent = 50
ongoingContracts = 5
missionCurrentScore = 0
missionIsStarted = False
missionIsEnded = False
missionHistoryId = 00000000-0000-0000-0000-000000000000
missionExpansionVersion = 
saveMD5 = 297e7acf7cf7cc6ede58fb91c63ffa75
