vesselCount = 5
UT = 216796.98748700786
gameMode = CAREER
gameNull = False
gameCompatible = True
funds = 991394.29241860181
science = 496
reputationPercent = 50
ongoingContracts = 5
missionCurrentScore = 0
missionIsStarted = False
missionIsEnded = False
missionHistoryId = 00000000-0000-0000-0000-000000000000
missionExpansionVersion = 
saveMD5 = 087432e09b44798d6286a12f4edd0760
