vesselCount = 8
UT = 553045.96245917701
gameMode = CAREER
gameNull = False
gameCompatible = True
funds = 1102218.7110791241
science = 706
reputationPercent = 56
ongoingContracts = 7
missionCurrentScore = 0
missionIsStarted = False
missionIsEnded = False
missionHistoryId = 00000000-0000-0000-0000-000000000000
missionExpansionVersion = 
saveMD5 = 8fa3aaa475415a911ca77aa7beef1801
