vesselCount = 2
UT = 111704.67082913443
gameMode = CAREER
gameNull = False
gameCompatible = True
funds = 962306.88967017608
science = 86
reputationPercent = 46
ongoingContracts = 5
missionCurrentScore = 0
missionIsStarted = False
missionIsEnded = False
missionHistoryId = 00000000-0000-0000-0000-000000000000
missionExpansionVersion = 
saveMD5 = 6129a581a96e488ea3e598e1cec04226
